00000010000000000010001010000011
00000000010100000000001100110011
00000000010100110000001110110011
00000000011100110000001010110011
00000000010100000000001100110011
00000000010100110000001110110011
00000000011100110000001010110011
00000000010100000000001100110011
00000000010100110000001110110011
00000000011100110000001010110011
00000000010100000000001100110011
00000000010100110000001110110011
00000000011100110000001010110011
00000000010100000000001100110011
00000000010100110000001110110011
00000000011100110000001010110011
00000000010100000000001100110011
00000000010100110000001110110011
00000000011100110000001010110011
00000000010100000000001100110011
00000000010100110000001110110011
00000000011100110000001010110011
00000000010100000000001100110011
00000000010100110000001110110011
00000000011100110000001010110011
00000000010100000000001100110011
00000000010100110000001110110011
00000000011100110000001010110011
00000000010100000000001100110011
00000000010100110000001110110011
00000000011100110000001010110011
00000000010100000000001100110011
00000000010100110000001110110011
00000000011100110000001010110011
00000000010100000000001100110011
00000000010100110000001110110011
00000000011100110000001010110011
00000000010100000000001100110011
00000000010100110000001110110011
00000000011100110000001010110011
00000010010100000010010000100011
00000010000000000010001100000011
00000011000000000010001110000011
01000000011000101000001110110011
00000000011100101111111000110011
11110100011111100000011011100011
01000000011000111000001110110011
00000000011100101111111000110011
11110100011111100000000011100011
01000000011000111000001110110011
00000000011100101111111000110011
11110010011111100000101011100011
01000000011000111000001110110011
00000000011100101111111000110011
11110010011111100000010011100011
01000000011000111000001110110011
00000000011100101111111000110011
11110000011111100000111011100011
01000000011000111000001110110011
00000000011100101111111000110011
11110000011111100000100011100011
01000000011000111000001110110011
00000000011100101111111000110011
11110000011111100000001011100011
01000000011000111000001110110011
00000000011100101111111000110011
11101110011111100000110011100011
00000000011000111110001110110011
11101110011111100000100011100011
00000010011100000010010000100011
11101110000000000000010011100011
